7.884444565663106808e-01 2.115555434336894580e-01
3.013212376134800571e-02 9.698678762386521157e-01
4.186505103243818588e-07 9.999995813494896302e-01
3.858457535878516157e-08 9.999999614154246874e-01
9.043244520628032634e-03 9.909567554793720090e-01
6.232645244578735068e-03 9.937673547554213282e-01
1.155144403412103277e-07 9.999998844855596536e-01
3.816710446645340572e-03 9.961832895533546672e-01
1.928257134165836732e-06 9.999980717428659238e-01
3.639098369893841584e-02 9.636090163010616605e-01
7.951196162079791907e-02 9.204880383792022336e-01
8.619546870551893225e-03 9.913804531294482247e-01
1.523566110397994398e-05 9.999847643388959373e-01
9.326885709118959769e-03 9.906731142908806742e-01
9.084260288214260733e-06 9.999909157397117720e-01
1.118932928357857791e-05 9.999888106707163216e-01
2.168532760095514065e-11 9.999999999783146798e-01
6.496591989978288059e-03 9.935034080100216825e-01
2.000725918457742271e-12 9.999999999979992671e-01
7.277331767671398026e-09 9.999999927226681518e-01
3.821225595303210876e-13 9.999999999996178612e-01
2.203035763825389291e-10 9.999999997796964468e-01
3.000000899999980113e-14 9.999999999999699130e-01
4.007170479838322747e-08 9.999999599282951568e-01
3.000000899999980113e-14 9.999999999999699130e-01
9.024195818980441277e-06 9.999909758041809482e-01
2.046366329014076679e-07 9.999997953633671388e-01
1.941025751161773626e-11 9.999999999805897488e-01
1.536210200782425061e-11 9.999999999846379550e-01
3.573867926630102665e-01 6.426132073369896780e-01
3.168683243099217669e-03 9.968313167569008426e-01
5.475551782865135941e-02 9.452444821713487100e-01
7.560514628153934547e-02 9.243948537184608627e-01
1.646949177248575868e-02 9.835305082275143107e-01
5.514595546837257507e-03 9.944854044531628023e-01
1.082099091714896696e-02 9.891790090828509463e-01
4.476332524604893087e-02 9.552366747539511316e-01
7.753186052182141091e-09 9.999999922468139069e-01
1.250642257806555864e-02 9.874935774219345541e-01
7.229264451541922779e-03 9.927707355484582941e-01
4.562209301444947740e-01 5.437790698555052815e-01
7.406822870592179031e-01 2.593177129407819304e-01
3.448292287021059721e-01 6.551707712978936948e-01
1.111441236782154951e-01 8.888558763217845327e-01
8.873369822312857091e-02 9.112663017768715124e-01
8.703495483566140584e-03 9.912965045164339184e-01
6.292594797966649807e-08 9.999999370740521032e-01
4.311171453407243968e-03 9.956888285465930188e-01
4.423957463284226149e-03 9.955760425367157218e-01
1.436827401231010641e-10 9.999999998563171566e-01
7.675890601534134748e-12 9.999999999923240290e-01
2.836744689162159050e-06 9.999971632553108503e-01
5.391578566625360299e-10 9.999999994608420595e-01
1.175459695632691998e-07 9.999998824540304865e-01
1.008112943755143154e-08 9.999999899188705133e-01
4.577730363098859306e-12 9.999999999954223284e-01
2.633912764161648111e-07 9.999997366087236550e-01
1.076572346487722163e-10 9.999999998923426725e-01
2.483274663398878722e-07 9.999997516725337432e-01
3.000000899999980113e-14 9.999999999999699130e-01
6.963379552633076947e-12 9.999999999930365702e-01
5.685500197129521481e-10 9.999999994314499041e-01
7.178897968855162075e-12 9.999999999928210759e-01
1.605066063993482440e-08 9.999999839493393106e-01
3.000000899999980113e-14 9.999999999999699130e-01
3.000000899999980113e-14 9.999999999999699130e-01
3.000000899999980113e-14 9.999999999999699130e-01
3.000000899999980113e-14 9.999999999999699130e-01
3.000000899999980113e-14 9.999999999999699130e-01
3.000000899999980113e-14 9.999999999999699130e-01
3.000000899999980113e-14 9.999999999999699130e-01
1.931608004605853625e-09 9.999999980683919043e-01
2.966065706447454886e-12 9.999999999970339282e-01
7.375168709900947316e-10 9.999999992624831746e-01
5.308295527825244345e-14 9.999999999999469313e-01
3.000000899999980113e-14 9.999999999999699130e-01
3.000000899999980113e-14 9.999999999999699130e-01
4.893425910109714036e-10 9.999999995106573225e-01
1.021093791399695776e-10 9.999999998978905680e-01
3.000000899999980113e-14 9.999999999999699130e-01
3.000000899999980113e-14 9.999999999999699130e-01
3.000000899999980113e-14 9.999999999999699130e-01
3.699962338864236809e-11 9.999999999630002634e-01
4.051469389264193233e-12 9.999999999959485741e-01
3.000000899999980113e-14 9.999999999999699130e-01
4.025059338639629245e-13 9.999999999995974331e-01
3.000000899999980113e-14 9.999999999999699130e-01
6.688873998886027961e-01 3.311126001113973150e-01
1.165029075393973906e-01 8.834970924606028175e-01
4.594390418872743126e-06 9.999954056095810007e-01
3.013212376134800571e-02 9.698678762386521157e-01
4.186505103243818588e-07 9.999995813494896302e-01
3.858457535878516157e-08 9.999999614154246874e-01
9.043244520628032634e-03 9.909567554793720090e-01
6.232645244578735068e-03 9.937673547554213282e-01
1.155144403412103277e-07 9.999998844855596536e-01
3.816710446645340572e-03 9.961832895533546672e-01
1.928257134165836732e-06 9.999980717428659238e-01
3.639098369893841584e-02 9.636090163010616605e-01
7.951196162079791907e-02 9.204880383792022336e-01
8.619546870551893225e-03 9.913804531294482247e-01
1.523566110397994398e-05 9.999847643388959373e-01
9.326885709118959769e-03 9.906731142908806742e-01
9.084260288214260733e-06 9.999909157397117720e-01
1.118932928357857791e-05 9.999888106707163216e-01
2.168532760095514065e-11 9.999999999783146798e-01
6.496591989978288059e-03 9.935034080100216825e-01
2.000725918457742271e-12 9.999999999979992671e-01
7.277331767671398026e-09 9.999999927226681518e-01
3.821225595303210876e-13 9.999999999996178612e-01
2.203035763825389291e-10 9.999999997796964468e-01
3.000000899999980113e-14 9.999999999999699130e-01
4.007170479838322747e-08 9.999999599282951568e-01
3.000000899999980113e-14 9.999999999999699130e-01
9.024195818980441277e-06 9.999909758041809482e-01
2.046366329014076679e-07 9.999997953633671388e-01
1.941025751161773626e-11 9.999999999805897488e-01
1.536210200782425061e-11 9.999999999846379550e-01
3.573867926630102665e-01 6.426132073369896780e-01
3.168683243099217669e-03 9.968313167569008426e-01
5.475551782865135941e-02 9.452444821713487100e-01
7.560514628153934547e-02 9.243948537184608627e-01
1.646949177248575868e-02 9.835305082275143107e-01
5.514595546837257507e-03 9.944854044531628023e-01
1.082099091714896696e-02 9.891790090828509463e-01
4.476332524604893087e-02 9.552366747539511316e-01
7.753186052182141091e-09 9.999999922468139069e-01
1.250642257806555864e-02 9.874935774219345541e-01
7.229264451541922779e-03 9.927707355484582941e-01
7.872042568351722558e-01 2.127957431648279940e-01
8.815252037150130837e-01 1.184747962849870967e-01
6.721343088010781619e-01 3.278656911989219491e-01
7.899973954376235952e-01 2.100026045623761273e-01
7.381404802594193626e-01 2.618595197405807484e-01
5.665684719689386695e-01 4.334315280310613860e-01
5.912068362338971372e-01 4.087931637661028628e-01
4.382564835001574455e-01 5.617435164998425545e-01
7.355631434479460440e-01 2.644368565520540115e-01
6.711194009206141731e-01 3.288805990793858824e-01
6.492727818264667494e-01 3.507272181735333061e-01
8.264060790807227219e-01 1.735939209192773336e-01
7.126531012663825937e-01 2.873468987336174063e-01
3.825033814574124169e-01 6.174966185425877496e-01
6.914538469556242850e-01 3.085461530443757705e-01
1.289514211778751696e-01 8.710485788221244974e-01
7.717283804479969644e-01 2.282716195520029523e-01
3.067075148392506279e-01 6.932924851607492611e-01
5.653051086393222624e-01 4.346948913606777376e-01
1.382113242359676031e-01 8.617886757640321749e-01
1.437347745044322278e-01 8.562652254955679387e-01
3.913929643614455500e-02 9.608607035638554450e-01
4.839103688129067216e-01 5.160896311870931674e-01
3.791669200473258838e-01 6.208330799526741162e-01
2.916342888745717676e-01 7.083657111254281213e-01
4.819291377596575110e-01 5.180708622403422670e-01
6.306237190858282604e-01 3.693762809141716841e-01
4.444470678896340066e-01 5.555529321103658269e-01
3.000000899999980113e-14 9.999999999999699130e-01
3.000000899999980113e-14 9.999999999999699130e-01
1.920692307428371534e-02 9.807930769257163783e-01
7.455544151134270159e-01 2.544455848865729841e-01
1.918972962360199208e-01 8.081027037639801902e-01
5.942518995107035074e-02 9.405748100489296215e-01
1.832410382682861105e-01 8.167589617317139172e-01
1.648132609974835294e-01 8.351867390025163873e-01
1.226595900100088954e-01 8.773404099899911879e-01
1.927731604384096825e-02 9.807226839561589138e-01
2.768069811198055619e-01 7.231930188801943826e-01
9.837098913661629709e-03 9.901629010863383096e-01
2.030190077257545134e-01 7.969809922742455699e-01
9.435052518988729792e-03 9.905649474810110933e-01
1.779277727812138971e-02 9.822072227218784368e-01
1.390204876046869861e-02 9.860979512395310342e-01
1.271711606811357607e-02 9.872828839318863459e-01
3.000000899999980113e-14 9.999999999999699130e-01
3.658144440925736873e-01 6.341855559074263127e-01
6.239187520995517072e-02 9.376081247900448501e-01
1.704811810045293169e-02 9.829518818995470752e-01
1.797195042640696291e-06 9.999982028049574367e-01
2.662809776730289957e-01 7.337190223269711709e-01
7.388390975535767680e-02 9.261160902446423648e-01
1.057452069298826514e-01 8.942547930701174597e-01
1.654392976869372422e-01 8.345607023130630076e-01
2.342734577257895093e-02 9.765726542274208999e-01
3.061226807080354582e-06 9.999969387731929560e-01
4.270210755818534126e-02 9.572978924418146240e-01
1.980754278603367655e-02 9.801924572139663061e-01
5.600051482555634327e-03 9.943999485174443986e-01
2.500572586384888397e-07 9.999997499427413228e-01
5.076900325466057354e-09 9.999999949230996554e-01
1.614194994982783571e-01 8.385805005017216152e-01
1.215059571501495191e-02 9.878494042849850221e-01
3.000000899999980113e-14 9.999999999999699130e-01
1.395952333453644167e-02 9.860404766654636832e-01
3.403578498056620827e-01 6.596421501943376953e-01
4.731777319509403688e-03 9.952682226804907550e-01
5.000000000000000000e-01 5.000000000000000000e-01
6.528738523791462536e-03 9.934712614762083449e-01
9.781399659368746058e-02 9.021860034063127198e-01
5.932144973947239830e-01 4.067855026052761280e-01
3.916889549299872350e-06 9.999960831104507397e-01
3.561161155027441237e-11 9.999999999643883752e-01
5.139649508636896513e-01 4.860350491363104042e-01
5.339826871109196798e-07 9.999994660173129324e-01
2.890313521341995040e-01 7.109686478658006070e-01
4.591893240640588375e-02 9.540810675935942342e-01
2.265445220440991947e-01 7.734554779559008608e-01
4.346073549115208601e-01 5.653926450884790844e-01
3.656975465185437202e-02 9.634302453481455863e-01
2.839571556763274742e-03 9.971604284432368237e-01
2.684748131190498044e-01 7.315251868809500291e-01
1.083327317966343532e-10 9.999999998916672128e-01
9.169716092069948865e-02 9.083028390793004281e-01
1.881731751005601486e-02 9.811826824899441135e-01
2.901983212425924274e-01 7.098016787574075170e-01
1.588230615555924117e-06 9.999984117693844210e-01
6.214838623131914430e-03 9.937851613768678982e-01
8.789710375509139793e-08 9.999999121028961824e-01
1.120185015726207350e-01 8.879814984273791678e-01
4.158294739061202394e-02 9.584170526093881426e-01
4.718627234364429768e-01 5.281372765635571342e-01
3.172286439869098640e-02 9.682771356013090136e-01
1.592649344820586399e-01 8.407350655179414156e-01
1.165216152781335529e-01 8.834783847218665720e-01
3.000000899999980113e-14 9.999999999999699130e-01
3.000000899999980113e-14 9.999999999999699130e-01
2.073487422092573987e-02 9.792651257790742081e-01
2.859071983338200562e-01 7.140928016661800548e-01
1.672825391916757723e-06 9.999983271746081259e-01
2.569679017748408851e-08 9.999999743032097488e-01
3.000000899999980113e-14 9.999999999999699130e-01
1.952189977733534074e-02 9.804781002226644615e-01
2.709721448908308794e-01 7.290278551091691206e-01
1.569551366019523634e-07 9.999998430448633346e-01
6.977486653505726721e-01 3.022513346494274389e-01
7.263720651317454591e-01 2.736279348682545964e-01
3.726205693899473093e-01 6.273794306100527463e-01
1.812012229773475036e-01 8.187987770226524686e-01
3.376907380711186013e-01 6.623092619288810656e-01
1.353527643279233417e-01 8.646472356720767971e-01
2.676666437504116591e-01 7.323333562495883964e-01
5.068556299208153298e-06 9.999949314437007741e-01
4.258578643395494745e-01 5.741421356604506920e-01
1.332927618004134673e-01 8.667072381995866159e-01
1.139536695379165555e-02 9.886046330462084919e-01
2.079056087753025917e-01 7.920943912246972696e-01
3.000000899999980113e-14 9.999999999999699130e-01
3.000000899999980113e-14 9.999999999999699130e-01
3.000000899999980113e-14 9.999999999999699130e-01
3.000000899999980113e-14 9.999999999999699130e-01
3.000000899999980113e-14 9.999999999999699130e-01
3.000000899999980113e-14 9.999999999999699130e-01
3.000000899999980113e-14 9.999999999999699130e-01
1.136223269903759636e-07 9.999998863776730085e-01
3.307162180601324917e-09 9.999999966928379003e-01
1.847112056260680657e-08 9.999999815288793670e-01
1.336792649315471891e-02 9.866320735068453418e-01
7.985920287252274985e-01 2.014079712747724182e-01
4.706164433985498552e-01 5.293835566014500893e-01
4.337939791048164850e-01 5.662060208951835705e-01
2.453485492211754659e-01 7.546514507788245618e-01
7.360319353091943073e-01 2.639680646908057482e-01
4.362862722010391742e-02 9.563713727798960340e-01
5.125320466233806993e-01 4.874679533766191342e-01
2.328471296600511942e-01 7.671528703399490556e-01
1.519039647273577598e-01 8.480960352726423235e-01
3.000000899999980113e-14 9.999999999999699130e-01
7.245073257430044711e-01 2.754926742569956954e-01
4.936496279756081851e-01 5.063503720243918149e-01
8.528760780481544623e-01 1.471239219518454544e-01
8.356381731714148664e-01 1.643618268285851614e-01
8.303095791983613472e-01 1.696904208016387083e-01
8.098930103553938498e-01 1.901069896446059559e-01
8.349537574808127971e-01 1.650462425191870919e-01
8.128435147104158265e-01 1.871564852895842290e-01
8.306162087571715702e-01 1.693837912428284298e-01
8.306162087571715702e-01 1.693837912428284298e-01
8.525168565326485259e-01 1.474831434673515851e-01
8.232433748094329928e-01 1.767566251905669794e-01
8.276410948075128005e-01 1.723589051924873106e-01
8.414250374463394522e-01 1.585749625536606033e-01
8.238146670450332554e-01 1.761853329549666614e-01
8.242309964580915027e-01 1.757690035419084418e-01
8.229426567258407710e-01 1.770573432741592013e-01
8.233909732428205119e-01 1.766090267571794881e-01
8.199761225923031249e-01 1.800238774076969861e-01
8.268915527199565130e-01 1.731084472800434315e-01
8.265235066582446999e-01 1.734764933417554944e-01
8.306162087571715702e-01 1.693837912428284298e-01
8.306162087571715702e-01 1.693837912428284298e-01
8.384486863761242414e-01 1.615513136238758973e-01
8.055116455527614461e-01 1.944883544472384984e-01
8.459605836175330129e-01 1.540394163824669593e-01
8.189049719517642600e-01 1.810950280482358232e-01
8.306162087571715702e-01 1.693837912428284298e-01
8.181830648986033738e-01 1.818169351013965707e-01
8.133430974971779248e-01 1.866569025028220197e-01
8.509199008253163221e-01 1.490800991746834003e-01
7.876578851187798769e-01 2.123421148812200399e-01
8.305975920839983040e-01 1.694024079160017515e-01
8.101095924438990181e-01 1.898904075561010374e-01
7.555977470942952801e-01 2.444022529057047755e-01
7.886801706334649609e-01 2.113198293665351502e-01
8.229650385224887010e-01 1.770349614775111879e-01
7.960958146338260599e-01 2.039041853661741621e-01
7.983296231462581050e-01 2.016703768537419506e-01
8.275713085190705698e-01 1.724286914809295412e-01
8.235847086390569727e-01 1.764152913609430551e-01
8.286824661203699982e-01 1.713175338796301128e-01
8.214009103007111623e-01 1.785990896992888377e-01
8.163972027853036995e-01 1.836027972146961063e-01
8.027586442905201292e-01 1.972413557094797876e-01
8.112709376547843076e-01 1.887290623452156646e-01
7.936765844642292844e-01 2.063234155357706878e-01
8.450880109919715055e-01 1.549119890080285777e-01
8.232125764479182317e-01 1.767874235520817405e-01
8.219978613763599951e-01 1.780021386236398662e-01
8.446624454650064617e-01 1.553375545349936493e-01
8.376241031699539485e-01 1.623758968300461347e-01
8.480986405912954718e-01 1.519013594087047503e-01
8.068518995199507327e-01 1.931481004800492673e-01
8.402431993831224188e-01 1.597568006168774979e-01
8.392383917157401063e-01 1.607616082842597827e-01
8.042499209340708832e-01 1.957500790659292000e-01
8.368617404983590413e-01 1.631382595016410697e-01
8.320176632883907741e-01 1.679823367116093924e-01
8.306162087571715702e-01 1.693837912428284298e-01
8.306162087571715702e-01 1.693837912428284298e-01
8.361291184267870547e-01 1.638708815732127233e-01
8.306162087571715702e-01 1.693837912428284298e-01
8.053778736203320854e-01 1.946221263796676371e-01
8.293090613491078678e-01 1.706909386508922988e-01
8.306162087571715702e-01 1.693837912428284298e-01
8.306162087571715702e-01 1.693837912428284298e-01
8.306162087571715702e-01 1.693837912428284298e-01
8.306162087571715702e-01 1.693837912428284298e-01
8.352413143766926895e-01 1.647586856233073938e-01
8.391915932211260198e-01 1.608084067788737859e-01
8.130493447946010033e-01 1.869506552053989135e-01
8.399368910242653863e-01 1.600631089757347525e-01
8.306162087571715702e-01 1.693837912428284298e-01
8.306162087571715702e-01 1.693837912428284298e-01
8.290082413034544073e-01 1.709917586965456482e-01
8.112730513820937128e-01 1.887269486179060374e-01
5.301364946701895287e-01 4.698635053298104158e-01
8.124794205470479147e-01 1.875205794529519743e-01
8.306162087571715702e-01 1.693837912428284298e-01
8.074525313567068041e-01 1.925474686432932514e-01
8.200769289078885249e-01 1.799230710921114751e-01
8.569671097147725236e-01 1.430328902852273931e-01
8.310511950185317520e-01 1.689488049814682202e-01
8.306162087571715702e-01 1.693837912428284298e-01
8.360581187277105197e-01 1.639418812722894525e-01
8.183248249010487418e-01 1.816751750989511749e-01
8.503011349677551678e-01 1.496988650322448877e-01
8.034952808413586833e-01 1.965047191586415387e-01
8.507554399043198989e-01 1.492445600956800456e-01
8.138500147141214391e-01 1.861499852858785053e-01
8.301990728997845626e-01 1.698009271002153264e-01
8.400006507120233445e-01 1.599993492879768220e-01
8.170868073392215658e-01 1.829131926607782399e-01
8.351311964963186174e-01 1.648688035036813548e-01
8.244934654623967685e-01 1.755065345376032038e-01
8.317561594495755939e-01 1.682438405504245449e-01
8.106557504507461154e-01 1.893442495492539124e-01
8.167700331853231521e-01 1.832299668146767924e-01
8.202361225600051098e-01 1.797638774399946127e-01
8.288322857560227463e-01 1.711677142439775035e-01
8.173568143848609635e-01 1.826431856151391475e-01
7.933784379601902526e-01 2.066215620398096642e-01
8.269166846042033114e-01 1.730833153957967441e-01
8.192900838774532790e-01 1.807099161225469153e-01
8.243814266181478390e-01 1.756185733818521610e-01
8.332547129488119264e-01 1.667452870511881013e-01
8.337881527378182556e-01 1.662118472621820220e-01
8.372804629391018549e-01 1.627195370608980618e-01
8.410501037946446212e-01 1.589498962053551290e-01
8.400763453442171569e-01 1.599236546557830652e-01
8.200792355082008322e-01 1.799207644917988902e-01
8.306162087571715702e-01 1.693837912428284298e-01
8.211642767162089518e-01 1.788357232837910205e-01
8.306162087571715702e-01 1.693837912428284298e-01
8.306162087571715702e-01 1.693837912428284298e-01
8.306162087571715702e-01 1.693837912428284298e-01
8.231285740005341856e-01 1.768714259994654536e-01
8.405563966557211275e-01 1.594436033442788447e-01
8.306162087571715702e-01 1.693837912428284298e-01
8.398159579237057804e-01 1.601840420762942196e-01
8.293666119094198486e-01 1.706333880905800682e-01
8.287135064852086952e-01 1.712864935147913603e-01
8.306162087571715702e-01 1.693837912428284298e-01
8.306162087571715702e-01 1.693837912428284298e-01
8.306162087571715702e-01 1.693837912428284298e-01
8.434336415250384134e-01 1.565663584749618364e-01
8.183424422422573841e-01 1.816575577577424494e-01
8.306162087571715702e-01 1.693837912428284298e-01
8.306162087571715702e-01 1.693837912428284298e-01
8.232792158618714717e-01 1.767207841381285838e-01
8.141977259039506754e-01 1.858022740960491304e-01
8.290720875202642892e-01 1.709279124797359883e-01
8.289359775307123535e-01 1.710640224692877021e-01
8.319347649088222330e-01 1.680652350911780168e-01
8.325808967839252173e-01 1.674191032160747272e-01
8.263068497841332682e-01 1.736931502158668150e-01
8.306162087571715702e-01 1.693837912428284298e-01
8.226773939553789772e-01 1.773226060446213004e-01
8.306162087571715702e-01 1.693837912428284298e-01
8.306162087571715702e-01 1.693837912428284298e-01
8.306162087571715702e-01 1.693837912428284298e-01
8.306162087571715702e-01 1.693837912428284298e-01
8.306162087571715702e-01 1.693837912428284298e-01
8.222544160059952478e-01 1.777455839940045856e-01
8.350718419651943503e-01 1.649281580348055665e-01
8.306162087571715702e-01 1.693837912428284298e-01
8.306162087571715702e-01 1.693837912428284298e-01
8.288216873017020259e-01 1.711783126982979186e-01
8.306162087571715702e-01 1.693837912428284298e-01
8.306162087571715702e-01 1.693837912428284298e-01
8.357121561162612622e-01 1.642878438837387656e-01
8.019595289441687758e-01 1.980404710558311965e-01
8.454955723554766767e-01 1.545044276445232401e-01
8.168462292069290642e-01 1.831537707930709358e-01
8.469984057977731906e-01 1.530015942022269482e-01
8.315679110413466413e-01 1.684320889586531922e-01
8.197271947482638321e-01 1.802728052517360846e-01
8.124762939227248015e-01 1.875237060772751985e-01
8.030818176143367237e-01 1.969181823856632207e-01
8.231750026213290328e-01 1.768249973786710505e-01
8.231537596131062173e-01 1.768462403868937549e-01
8.140112068572817883e-01 1.859887931427183783e-01
8.542018044540107269e-01 1.457981955459892454e-01
8.231773702475889687e-01 1.768226297524108925e-01
8.255427147283693756e-01 1.744572852716307076e-01
8.269346393318209865e-01 1.730653606681789858e-01
8.315262406040586640e-01 1.684737593959415025e-01
8.319367650353064469e-01 1.680632349646935253e-01
8.182091851614476941e-01 1.817908148385525280e-01
8.259616850409439159e-01 1.740383149590558620e-01
7.906951175944593180e-01 2.093048824055409318e-01
8.413013215490280361e-01 1.586986784509718806e-01
8.362258743974949615e-01 1.637741256025049552e-01
8.306162087571715702e-01 1.693837912428284298e-01
8.126244792124258653e-01 1.873755207875741624e-01
8.094125599876783594e-01 1.905874400123216683e-01
8.324253900569318354e-01 1.675746099430683866e-01
8.127051971912860884e-01 1.872948028087139116e-01
8.258941765306883065e-01 1.741058234693115825e-01
8.482935289056791062e-01 1.517064710943208938e-01
8.123452614749148148e-01 1.876547385250851019e-01
8.361112275622292200e-01 1.638887724377707522e-01
8.235691805541422994e-01 1.764308194458575896e-01
8.306162087571715702e-01 1.693837912428284298e-01
8.220162224552466368e-01 1.779837775447532522e-01
8.507535996981590021e-01 1.492464003018409702e-01
8.420552177920122006e-01 1.579447822079875774e-01
8.279580995299382629e-01 1.720419004700615984e-01
8.269346393318209865e-01 1.730653606681789858e-01
8.150421201945508010e-01 1.849578798054492546e-01
8.205977749215356276e-01 1.794022250784645112e-01
8.176347338254634778e-01 1.823652661745364389e-01
8.250540432312000183e-01 1.749459567687999539e-01
8.504722756038910481e-01 1.495277243961091185e-01
8.333293515561823739e-01 1.666706484438176539e-01
8.286270207068279214e-01 1.713729792931720786e-01
8.360949542018739633e-01 1.639050457981260644e-01
8.251766883387749996e-01 1.748233116612250559e-01
8.149061235264424274e-01 1.850938764735576836e-01
8.215888805538326123e-01 1.784111194461673044e-01
8.608690731631970516e-01 1.391309268368027541e-01
8.156038671957177577e-01 1.843961328042823256e-01
8.363811716659023121e-01 1.636188283340979654e-01
8.211642767162089518e-01 1.788357232837910205e-01
8.306162087571715702e-01 1.693837912428284298e-01
8.233427940109645515e-01 1.766572059890353374e-01
8.350718419651943503e-01 1.649281580348055665e-01
8.251708294770112584e-01 1.748291705229886583e-01
8.306162087571715702e-01 1.693837912428284298e-01
8.306162087571715702e-01 1.693837912428284298e-01
8.189084463111789836e-01 1.810915536888210164e-01
8.168591784201540973e-01 1.831408215798459305e-01
8.523638935658511828e-01 1.476361064341489560e-01
8.340632945794211883e-01 1.659367054205787562e-01
8.446053983286833100e-01 1.553946016713166622e-01
7.861650202600676263e-01 2.138349797399324015e-01
8.258174940379978679e-01 1.741825059620022986e-01
8.269166846042033114e-01 1.730833153957967441e-01
8.306162087571715702e-01 1.693837912428284298e-01
8.306162087571715702e-01 1.693837912428284298e-01
8.268618888284617885e-01 1.731381111715380172e-01
8.592139124226509939e-01 1.407860875773489784e-01
8.179895161994192865e-01 1.820104838005806858e-01
8.518209850446152309e-01 1.481790149553847413e-01
8.205048478792285049e-01 1.794951521207717171e-01
7.952390998073479711e-01 2.047609001926520567e-01
8.288216873017020259e-01 1.711783126982979186e-01
8.226921556284280124e-01 1.773078443715718489e-01
8.288337481824896713e-01 1.711662518175101622e-01
8.216751813880226463e-01 1.783248186119774370e-01
8.307146225192344469e-01 1.692853774807656642e-01
8.160136649146405574e-01 1.839863350853595814e-01
8.369928732052905884e-01 1.630071267947091618e-01
8.229559563382763399e-01 1.770440436617239377e-01
8.373496113879905778e-01 1.626503886120094500e-01
3.988425270450827731e-01 6.011574729549172824e-01
8.121485140041091455e-01 1.878514859958908823e-01
8.306162087571715702e-01 1.693837912428284298e-01
8.421542892875271136e-01 1.578457107124729975e-01
8.224733608144426666e-01 1.775266391855571668e-01
8.352922386345350558e-01 1.647077613654647221e-01
8.133133171201806233e-01 1.866866828798194322e-01
8.296528497485720077e-01 1.703471502514279368e-01
8.080237429267667082e-01 1.919762570732332085e-01
8.037099430524385912e-01 1.962900569475613810e-01
8.544445831236876510e-01 1.455554168763124601e-01
8.198671187623721712e-01 1.801328812376278288e-01
8.306162087571715702e-01 1.693837912428284298e-01
