4.836989343166351318e-01
5.710224509239196777e-01
5.724109411239624023e-01
5.704571008682250977e-01
5.857931375503540039e-01
5.563758015632629395e-01
5.880323052406311035e-01
5.008136630058288574e-01
4.940116405487060547e-01
5.046240091323852539e-01
4.741166234016418457e-01
4.795794486999511719e-01
4.809248149394989014e-01
5.194287300109863281e-01
4.700047969818115234e-01
4.886299967765808105e-01
4.865836203098297119e-01
5.442849993705749512e-01
4.818000495433807373e-01
5.076167583465576172e-01
4.769955575466156006e-01
4.736801385879516602e-01
4.938366711139678955e-01
4.957883358001708984e-01
4.670687913894653320e-01
4.740876257419586182e-01
5.038603544235229492e-01
5.088419914245605469e-01
4.609299600124359131e-01
4.833450615406036377e-01
4.704456627368927002e-01
5.231932997703552246e-01
4.851352274417877197e-01
5.081114172935485840e-01
4.958752691745758057e-01
5.155577063560485840e-01
5.073018670082092285e-01
5.169723033905029297e-01
4.938884377479553223e-01
5.328996777534484863e-01
4.987352490425109863e-01
5.099086165428161621e-01
5.223092436790466309e-01
5.001693367958068848e-01
5.172047615051269531e-01
4.716590344905853271e-01
4.980773031711578369e-01
5.045663118362426758e-01
5.066544413566589355e-01
5.017047524452209473e-01
4.898822903633117676e-01
5.080103278160095215e-01
5.172352194786071777e-01
5.222431421279907227e-01
5.454056262969970703e-01
4.836165606975555420e-01
5.427848696708679199e-01
4.883107244968414307e-01
5.064466595649719238e-01
5.064973235130310059e-01
5.074242353439331055e-01
4.798114001750946045e-01
4.715415835380554199e-01
4.894697666168212891e-01
4.780852496623992920e-01
4.780003428459167480e-01
5.006664991378784180e-01
4.681883752346038818e-01
5.000236034393310547e-01
4.718020260334014893e-01
4.623526334762573242e-01
4.894106388092041016e-01
4.716053307056427002e-01
4.979720413684844971e-01
4.899944067001342773e-01
4.823771417140960693e-01
4.994623363018035889e-01
5.247616767883300781e-01
4.805840551853179932e-01
4.890810251235961914e-01
5.158962011337280273e-01
4.983212947845458984e-01
4.965271651744842529e-01
5.154119729995727539e-01
5.224311351776123047e-01
5.364406108856201172e-01
5.049232840538024902e-01
5.077120661735534668e-01
4.811411798000335693e-01
4.905285835266113281e-01
4.981775283813476562e-01
5.089960694313049316e-01
4.873922169208526611e-01
4.831398725509643555e-01
4.761255085468292236e-01
4.774528145790100098e-01
5.094141960144042969e-01
5.057075619697570801e-01
5.100412368774414062e-01
5.287396907806396484e-01
4.988543987274169922e-01
4.859754145145416260e-01
5.020862221717834473e-01
5.030313730239868164e-01
4.961003363132476807e-01
4.848680496215820312e-01
4.895560145378112793e-01
4.998277425765991211e-01
5.015763044357299805e-01
5.046124458312988281e-01
4.977940320968627930e-01
5.049568414688110352e-01
5.208612680435180664e-01
5.110147595405578613e-01
4.977789223194122314e-01
4.999224543571472168e-01
5.057573914527893066e-01
5.121001601219177246e-01
4.888208806514739990e-01
4.975159168243408203e-01
5.127336382865905762e-01
4.946029186248779297e-01
5.269119143486022949e-01
5.257482528686523438e-01
5.098965167999267578e-01
5.749644041061401367e-01
5.229153037071228027e-01
5.127073526382446289e-01
5.436100959777832031e-01
5.576871633529663086e-01
5.152311921119689941e-01
5.467588901519775391e-01
5.464754700660705566e-01
5.513473153114318848e-01
5.383006334304809570e-01
5.627701282501220703e-01
5.242436528205871582e-01
5.711240768432617188e-01
5.579468607902526855e-01
5.723417997360229492e-01
5.624551773071289062e-01
6.014625430107116699e-01
5.577207207679748535e-01
5.485425591468811035e-01
5.795860886573791504e-01
5.654206871986389160e-01
5.509099364280700684e-01
5.063626766204833984e-01
5.267830491065979004e-01
5.192240476608276367e-01
5.463741421699523926e-01
5.462675690650939941e-01
5.107286572456359863e-01
5.108827948570251465e-01
5.240284800529479980e-01
5.264154672622680664e-01
5.515348315238952637e-01
5.768938660621643066e-01
6.008333563804626465e-01
6.005735397338867188e-01
5.523881912231445312e-01
5.462431311607360840e-01
5.364135503768920898e-01
5.192276835441589355e-01
5.685937404632568359e-01
5.363150238990783691e-01
5.258743166923522949e-01
5.397055745124816895e-01
5.720826387405395508e-01
5.481785535812377930e-01
5.268661379814147949e-01
5.192599296569824219e-01
5.742427110671997070e-01
5.137453079223632812e-01
5.341130495071411133e-01
5.221734046936035156e-01
5.168139934539794922e-01
5.208379626274108887e-01
5.167855620384216309e-01
5.561591386795043945e-01
5.475989580154418945e-01
5.051126480102539062e-01
4.965471625328063965e-01
5.209819078445434570e-01
5.673062205314636230e-01
5.351305007934570312e-01
4.937805831432342529e-01
5.352127552032470703e-01
4.991880655288696289e-01
5.510620474815368652e-01
5.229307413101196289e-01
5.316325426101684570e-01
5.556570887565612793e-01
5.120397806167602539e-01
5.375246405601501465e-01
5.488693714141845703e-01
5.641725063323974609e-01
5.519477725028991699e-01
5.408527851104736328e-01
5.154219865798950195e-01
5.400178432464599609e-01
4.895145297050476074e-01
5.188888907432556152e-01
5.084044933319091797e-01
5.209781527519226074e-01
4.933910071849822998e-01
5.230023860931396484e-01
5.451686978340148926e-01
5.276405215263366699e-01
5.484124422073364258e-01
5.610637068748474121e-01
5.110310912132263184e-01
5.892230868339538574e-01
5.959322452545166016e-01
6.158424615859985352e-01
6.748220920562744141e-01
6.353431344032287598e-01
6.757748126983642578e-01
6.798048019409179688e-01
5.345919728279113770e-01
5.791080594062805176e-01
5.627920627593994141e-01
5.142377018928527832e-01
5.005790591239929199e-01
4.940408468246459961e-01
4.769793450832366943e-01
4.796303510665893555e-01
4.883063435554504395e-01
4.935536682605743408e-01
5.237514972686767578e-01
5.140645503997802734e-01
5.423030257225036621e-01
4.875174164772033691e-01
5.724235773086547852e-01
5.158006548881530762e-01
4.862782955169677734e-01
4.839312732219696045e-01
4.953060448169708252e-01
4.910760223865509033e-01
4.844160676002502441e-01
4.901565611362457275e-01
4.881510436534881592e-01
4.946035742759704590e-01
4.932676255702972412e-01
4.887017309665679932e-01
4.927362501621246338e-01
4.964624047279357910e-01
4.971709251403808594e-01
4.969134032726287842e-01
4.879142343997955322e-01
4.900046288967132568e-01
4.962061941623687744e-01
4.905829429626464844e-01
4.958102107048034668e-01
4.924528896808624268e-01
5.005478858947753906e-01
4.935212135314941406e-01
4.984910786151885986e-01
4.993921816349029541e-01
5.032296776771545410e-01
4.957883358001708984e-01
4.942361116409301758e-01
4.978754520416259766e-01
4.910414218902587891e-01
4.979467988014221191e-01
4.905600845813751221e-01
5.008561611175537109e-01
4.894800484180450439e-01
4.917638599872589111e-01
4.935237169265747070e-01
4.960259199142456055e-01
5.073686242103576660e-01
5.101010799407958984e-01
4.941988289356231689e-01
4.864412844181060791e-01
5.096675753593444824e-01
4.955992400646209717e-01
5.029802918434143066e-01
4.957957267761230469e-01
4.999563694000244141e-01
5.040872693061828613e-01
5.008577108383178711e-01
5.026866793632507324e-01
5.040115118026733398e-01
4.964784979820251465e-01
4.926861226558685303e-01
4.918388128280639648e-01
4.992302656173706055e-01
5.017871856689453125e-01
5.006759762763977051e-01
4.969264864921569824e-01
4.879561364650726318e-01
5.620408654212951660e-01
4.911766648292541504e-01
4.722895026206970215e-01
4.626691043376922607e-01
3.759756684303283691e-01
3.826353549957275391e-01
5.076565742492675781e-01
3.700907230377197266e-01
3.675602972507476807e-01
3.741098344326019287e-01
3.899299502372741699e-01
4.438326656818389893e-01
4.005644023418426514e-01
4.086368381977081299e-01
4.306955933570861816e-01
3.963797986507415771e-01
3.947660624980926514e-01
4.007272422313690186e-01
4.116405248641967773e-01
3.962630331516265869e-01
4.017505645751953125e-01
3.837512135505676270e-01
3.917146623134613037e-01
3.791801929473876953e-01
3.937459290027618408e-01
3.932546675205230713e-01
3.878144621849060059e-01
3.918757736682891846e-01
3.922926783561706543e-01
3.837163746356964111e-01
3.863931000232696533e-01
3.741100430488586426e-01
3.881847858428955078e-01
3.968469500541687012e-01
3.824237287044525146e-01
3.895223438739776611e-01
4.840464293956756592e-01
3.867394030094146729e-01
3.903428912162780762e-01
3.818534910678863525e-01
4.191828668117523193e-01
3.912447392940521240e-01
3.887583017349243164e-01
3.916468918323516846e-01
3.815203011035919189e-01
3.891386091709136963e-01
3.835759460926055908e-01
3.819816112518310547e-01
3.863385021686553955e-01
3.898057043552398682e-01
3.823474943637847900e-01
3.846163749694824219e-01
3.814397752285003662e-01
3.726424574851989746e-01
3.794290125370025635e-01
3.900953829288482666e-01
3.816326558589935303e-01
3.779394626617431641e-01
3.896994888782501221e-01
3.831208050251007080e-01
4.531907439231872559e-01
3.983570039272308350e-01
3.924166858196258545e-01
3.869089186191558838e-01
3.993238806724548340e-01
4.007693827152252197e-01
3.976080417633056641e-01
3.930310606956481934e-01
4.018031060695648193e-01
4.003353714942932129e-01
3.941491842269897461e-01
3.978073298931121826e-01
4.042744636535644531e-01
3.945985436439514160e-01
3.879740238189697266e-01
4.079160988330841064e-01
3.950048685073852539e-01
4.075470864772796631e-01
4.164606928825378418e-01
4.085850715637207031e-01
4.077498614788055420e-01
4.083089530467987061e-01
3.993666470050811768e-01
4.137643873691558838e-01
4.348839223384857178e-01
4.080044925212860107e-01
4.562864303588867188e-01
4.606551826000213623e-01
5.941212177276611328e-01
4.580485522747039795e-01
4.200136363506317139e-01
4.489543139934539795e-01
4.301816225051879883e-01
4.300764203071594238e-01
4.068749845027923584e-01
4.185044169425964355e-01
4.371237158775329590e-01
4.395880699157714844e-01
4.374932646751403809e-01
4.253814816474914551e-01
4.429072737693786621e-01
4.439989924430847168e-01
4.398890733718872070e-01
4.648099839687347412e-01
4.199030399322509766e-01
4.478996992111206055e-01
4.315037429332733154e-01
4.621480405330657959e-01
4.634558260440826416e-01
4.420549571514129639e-01
4.435431957244873047e-01
4.356566965579986572e-01
4.631506204605102539e-01
4.336956143379211426e-01
4.408096671104431152e-01
4.256427288055419922e-01
4.257523119449615479e-01
4.280597567558288574e-01
4.113203287124633789e-01
4.345664680004119873e-01
4.140535891056060791e-01
4.248398840427398682e-01
4.451335370540618896e-01
4.246814548969268799e-01
4.281313419342041016e-01
4.253878593444824219e-01
4.233253598213195801e-01
4.114927053451538086e-01
4.163352251052856445e-01
4.299358725547790527e-01
4.221009612083435059e-01
4.274629950523376465e-01
4.330011308193206787e-01
4.267968237400054932e-01
4.211441278457641602e-01
4.288461506366729736e-01
4.362185895442962646e-01
4.462087154388427734e-01
4.347239434719085693e-01
4.387737512588500977e-01
4.787544906139373779e-01
4.868245422840118408e-01
4.720568060874938965e-01
4.435400962829589844e-01
4.685920774936676025e-01
5.260865092277526855e-01
4.358401298522949219e-01
4.155096411705017090e-01
4.417073428630828857e-01
4.395901858806610107e-01
4.305378496646881104e-01
4.412228465080261230e-01
4.344736933708190918e-01
4.260240197181701660e-01
4.303278028964996338e-01
4.357807636260986328e-01
4.275812208652496338e-01
4.242505729198455811e-01
4.331254065036773682e-01
4.452289342880249023e-01
4.280439615249633789e-01
4.576829969882965088e-01
4.329507946968078613e-01
4.015576243400573730e-01
4.083836972713470459e-01
4.550458490848541260e-01
4.098879694938659668e-01
4.059327840805053711e-01
4.174292385578155518e-01
4.278691411018371582e-01
4.438099563121795654e-01
4.522399604320526123e-01
4.737635552883148193e-01
4.775013923645019531e-01
4.802057147026062012e-01
4.572350382804870605e-01
4.657596945762634277e-01
4.336026608943939209e-01
