5.241551995277404785e-01
6.171682476997375488e-01
6.042234301567077637e-01
6.161714792251586914e-01
6.375392675399780273e-01
5.836736559867858887e-01
6.562586426734924316e-01
5.475171208381652832e-01
5.391239523887634277e-01
5.874346494674682617e-01
4.590760171413421631e-01
4.753576517105102539e-01
5.120054483413696289e-01
5.800588726997375488e-01
4.793533086776733398e-01
5.255804061889648438e-01
5.529025197029113770e-01
5.884280800819396973e-01
5.010887384414672852e-01
5.618673563003540039e-01
4.408646523952484131e-01
4.893556535243988037e-01
5.782499909400939941e-01
4.810940623283386230e-01
4.519920051097869873e-01
5.272471904754638672e-01
5.620074272155761719e-01
4.952335655689239502e-01
4.549142718315124512e-01
5.343668460845947266e-01
5.552898049354553223e-01
6.004240512847900391e-01
4.901701807975769043e-01
4.161287248134613037e-01
5.898923873901367188e-01
6.147117614746093750e-01
5.803045630455017090e-01
6.004576086997985840e-01
4.722707867622375488e-01
5.086196660995483398e-01
5.573823451995849609e-01
6.046276688575744629e-01
6.275537014007568359e-01
5.436293482780456543e-01
4.657284617424011230e-01
4.172284901142120361e-01
5.400134325027465820e-01
5.581821203231811523e-01
5.936644673347473145e-01
4.247430860996246338e-01
5.436611175537109375e-01
5.536640286445617676e-01
5.981794595718383789e-01
5.757414102554321289e-01
5.847375988960266113e-01
4.886931777000427246e-01
5.690397620201110840e-01
5.525147914886474609e-01
6.105446815490722656e-01
5.591899156570434570e-01
5.577600002288818359e-01
4.748346805572509766e-01
5.113306641578674316e-01
5.156231522560119629e-01
4.217390418052673340e-01
5.253013968467712402e-01
5.847418308258056641e-01
4.208435118198394775e-01
5.017954707145690918e-01
4.861750900745391846e-01
4.439382851123809814e-01
5.539248585700988770e-01
5.330559611320495605e-01
4.419839978218078613e-01
5.327758789062500000e-01
5.428645014762878418e-01
6.009169220924377441e-01
5.606153011322021484e-01
4.890792965888977051e-01
4.783641993999481201e-01
5.751729011535644531e-01
4.650176763534545898e-01
5.490055084228515625e-01
5.679305791854858398e-01
6.145138144493103027e-01
5.068523287773132324e-01
5.045422315597534180e-01
5.671511292457580566e-01
4.860054850578308105e-01
4.607484936714172363e-01
4.592446982860565186e-01
5.502914786338806152e-01
5.202876925468444824e-01
5.246067047119140625e-01
4.811652898788452148e-01
4.874983727931976318e-01
5.416391491889953613e-01
5.385907292366027832e-01
5.677216053009033203e-01
5.637057423591613770e-01
5.253480672836303711e-01
4.959782361984252930e-01
5.086890459060668945e-01
5.367532372474670410e-01
5.226082801818847656e-01
5.032035708427429199e-01
4.944171011447906494e-01
5.259014368057250977e-01
5.487090349197387695e-01
5.555879473686218262e-01
5.128448009490966797e-01
5.406008958816528320e-01
5.503649115562438965e-01
5.737815499305725098e-01
4.776681959629058838e-01
5.370075702667236328e-01
5.673397183418273926e-01
5.612809062004089355e-01
5.175373554229736328e-01
5.120269060134887695e-01
5.595614910125732422e-01
5.376418232917785645e-01
5.568166375160217285e-01
5.835645794868469238e-01
5.693310499191284180e-01
5.292726755142211914e-01
5.751377940177917480e-01
5.191820263862609863e-01
6.077440381050109863e-01
6.488179564476013184e-01
5.345984697341918945e-01
6.452307701110839844e-01
5.343040823936462402e-01
6.228285431861877441e-01
5.504984855651855469e-01
6.101922988891601562e-01
5.287454724311828613e-01
6.615130305290222168e-01
5.389528274536132812e-01
6.597473025321960449e-01
5.930128097534179688e-01
7.263177037239074707e-01
5.126039385795593262e-01
6.310691833496093750e-01
6.352456212043762207e-01
6.355864405632019043e-01
6.184319853782653809e-01
5.381051301956176758e-01
5.409553647041320801e-01
5.456898212432861328e-01
5.467464327812194824e-01
6.128394603729248047e-01
5.054517984390258789e-01
5.165562629699707031e-01
5.680310130119323730e-01
5.227359533309936523e-01
6.523044705390930176e-01
5.658681988716125488e-01
6.256840229034423828e-01
7.053641676902770996e-01
6.578988432884216309e-01
6.256253719329833984e-01
5.491042137145996094e-01
5.013944506645202637e-01
6.363886594772338867e-01
5.682185888290405273e-01
5.816669464111328125e-01
5.938092470169067383e-01
6.143101453781127930e-01
6.342552304267883301e-01
5.557095408439636230e-01
4.540885388851165771e-01
6.798449754714965820e-01
5.270833373069763184e-01
5.974327921867370605e-01
5.164005160331726074e-01
4.955858886241912842e-01
5.654334425926208496e-01
5.523141026496887207e-01
6.797613501548767090e-01
6.086608767509460449e-01
5.764663219451904297e-01
5.194113254547119141e-01
5.430252552032470703e-01
6.571544408798217773e-01
5.928609371185302734e-01
4.598802626132965088e-01
5.619325637817382812e-01
5.022312402725219727e-01
6.005982756614685059e-01
6.085851192474365234e-01
5.344013571739196777e-01
7.460762262344360352e-01
4.416096210479736328e-01
5.956270098686218262e-01
5.692009925842285156e-01
6.645120978355407715e-01
7.111915349960327148e-01
5.846176147460937500e-01
5.686560273170471191e-01
6.487701535224914551e-01
4.374180436134338379e-01
5.874488353729248047e-01
5.358493924140930176e-01
5.497161746025085449e-01
5.247563719749450684e-01
4.681340456008911133e-01
6.496849656105041504e-01
5.782778859138488770e-01
5.348016023635864258e-01
6.312782168388366699e-01
5.614185929298400879e-01
6.839933395385742188e-01
6.387621760368347168e-01
5.495137572288513184e-01
7.306584715843200684e-01
8.184650540351867676e-01
7.566742897033691406e-01
7.427883148193359375e-01
6.075104475021362305e-01
5.481418371200561523e-01
6.230264902114868164e-01
4.486641585826873779e-01
5.125272870063781738e-01
4.644641876220703125e-01
4.913911521434783936e-01
5.051994919776916504e-01
5.076291561126708984e-01
5.135322213172912598e-01
6.204803586006164551e-01
5.055730938911437988e-01
6.555513739585876465e-01
5.003361701965332031e-01
6.387056708335876465e-01
5.371761918067932129e-01
4.766274988651275635e-01
3.569176197052001953e-01
3.852921426296234131e-01
3.707221746444702148e-01
3.813968300819396973e-01
3.614887297153472900e-01
3.710147738456726074e-01
3.878909349441528320e-01
3.853187561035156250e-01
3.662729859352111816e-01
3.998361825942993164e-01
4.072163403034210205e-01
4.099478125572204590e-01
3.979991674423217773e-01
3.778721690177917480e-01
3.794896602630615234e-01
3.786888420581817627e-01
3.800588846206665039e-01
3.929323852062225342e-01
3.997816145420074463e-01
4.054462611675262451e-01
3.950577974319458008e-01
4.038324654102325439e-01
3.969710469245910645e-01
4.134364724159240723e-01
4.225516915321350098e-01
4.060957133769989014e-01
3.975886404514312744e-01
3.857293426990509033e-01
3.916362226009368896e-01
3.764895200729370117e-01
4.129954278469085693e-01
3.763004243373870850e-01
3.775582909584045410e-01
3.869224190711975098e-01
4.090654253959655762e-01
4.035883545875549316e-01
4.015358686447143555e-01
3.978083729743957520e-01
3.399936258792877197e-01
3.846836090087890625e-01
3.861636817455291748e-01
3.995172977447509766e-01
4.052917957305908203e-01
3.826731741428375244e-01
4.083292782306671143e-01
4.118663072586059570e-01
4.151907265186309814e-01
4.281338453292846680e-01
3.791283071041107178e-01
3.837634623050689697e-01
4.070889949798583984e-01
4.074447154998779297e-01
4.001683890819549561e-01
3.848761320114135742e-01
3.978413343429565430e-01
3.800585269927978516e-01
5.045211315155029297e-01
3.911632597446441650e-01
3.494544327259063721e-01
3.305785655975341797e-01
1.858129799365997314e-01
1.784233003854751587e-01
4.379644393920898438e-01
1.860301494598388672e-01
1.662675142288208008e-01
1.782287508249282837e-01
2.239823788404464722e-01
2.941289544105529785e-01
2.136654406785964966e-01
2.458152920007705688e-01
2.418782263994216919e-01
2.053572684526443481e-01
2.095595002174377441e-01
2.007924616336822510e-01
2.579852342605590820e-01
1.878284215927124023e-01
2.116441428661346436e-01
2.179068475961685181e-01
2.546648681163787842e-01
1.934599280357360840e-01
2.002112865447998047e-01
2.064171731472015381e-01
1.988158375024795532e-01
2.192829996347427368e-01
2.129814773797988892e-01
1.864976137876510620e-01
1.848352849483489990e-01
1.691363006830215454e-01
2.077237069606781006e-01
2.238909006118774414e-01
1.775365471839904785e-01
1.962883323431015015e-01
3.496475219726562500e-01
1.780781745910644531e-01
2.189317941665649414e-01
2.355285137891769409e-01
2.341538071632385254e-01
2.019936144351959229e-01
2.239603251218795776e-01
1.864636093378067017e-01
1.979517191648483276e-01
1.949992179870605469e-01
1.708351373672485352e-01
1.899267435073852539e-01
1.770221441984176636e-01
1.864260435104370117e-01
1.837563663721084595e-01
1.893226653337478638e-01
1.750460565090179443e-01
1.805824488401412964e-01
2.058987021446228027e-01
1.748588234186172485e-01
2.007520645856857300e-01
1.797056794166564941e-01
1.953823715448379517e-01
1.947101056575775146e-01
2.405743747949600220e-01
1.985121220350265503e-01
2.206849157810211182e-01
1.823705285787582397e-01
2.137452661991119385e-01
2.176014930009841919e-01
2.114578187465667725e-01
2.029179334640502930e-01
2.181050032377243042e-01
2.225752621889114380e-01
1.938492059707641602e-01
2.063746154308319092e-01
2.363238930702209473e-01
2.030738741159439087e-01
1.931253671646118164e-01
2.350340038537979126e-01
1.971013695001602173e-01
2.131553590297698975e-01
2.420587539672851562e-01
2.317004650831222534e-01
2.332611978054046631e-01
2.295959293842315674e-01
1.964494436979293823e-01
2.225171625614166260e-01
2.564783692359924316e-01
2.658949494361877441e-01
3.111656010150909424e-01
3.301376104354858398e-01
6.194996833801269531e-01
3.463313579559326172e-01
2.587752640247344971e-01
2.477529644966125488e-01
3.117733299732208252e-01
2.628996372222900391e-01
2.123279571533203125e-01
2.389216274023056030e-01
2.651671171188354492e-01
2.517857551574707031e-01
3.120394647121429443e-01
2.700297534465789795e-01
3.085888028144836426e-01
3.025176227092742920e-01
2.845619618892669678e-01
3.025336563587188721e-01
2.470388412475585938e-01
3.220586180686950684e-01
2.934893965721130371e-01
2.813121080398559570e-01
3.396543562412261963e-01
2.925866246223449707e-01
2.840646207332611084e-01
2.156999409198760986e-01
3.296218216419219971e-01
2.363618761301040649e-01
2.494711130857467651e-01
2.350356429815292358e-01
2.664574384689331055e-01
2.461306750774383545e-01
2.292153835296630859e-01
2.899407744407653809e-01
2.497220784425735474e-01
2.352588474750518799e-01
2.807976901531219482e-01
2.582181692123413086e-01
2.484742552042007446e-01
2.578297257423400879e-01
2.704615294933319092e-01
2.507489025592803955e-01
2.239773124456405640e-01
2.378040403127670288e-01
2.407389432191848755e-01
2.785395979881286621e-01
2.699983417987823486e-01
2.505697906017303467e-01
2.424715012311935425e-01
2.766893208026885986e-01
2.405626475811004639e-01
2.941508591175079346e-01
3.178499341011047363e-01
2.904924452304840088e-01
3.883691430091857910e-01
4.465657472610473633e-01
2.820087373256683350e-01
2.909286022186279297e-01
3.284189105033874512e-01
3.885949850082397461e-01
3.243151903152465820e-01
2.298293858766555786e-01
2.979457378387451172e-01
2.732143104076385498e-01
2.387599200010299683e-01
3.000154197216033936e-01
3.040184676647186279e-01
2.836137712001800537e-01
2.669917047023773193e-01
2.544181942939758301e-01
2.544160783290863037e-01
2.321807742118835449e-01
2.676862180233001709e-01
2.870350480079650879e-01
2.932930290699005127e-01
3.421965837478637695e-01
2.824384272098541260e-01
2.072598487138748169e-01
2.561282515525817871e-01
2.737275660037994385e-01
1.881936341524124146e-01
2.414156943559646606e-01
2.520723044872283936e-01
2.661448419094085693e-01
3.129736483097076416e-01
3.099889159202575684e-01
3.492957353591918945e-01
3.683623373508453369e-01
3.261468708515167236e-01
3.144527077674865723e-01
3.331789672374725342e-01
2.685319781303405762e-01
