6.444450020790100098e-01
2.380916774272918701e-01
2.108055055141448975e-01
2.042652964591979980e-01
2.637838721275329590e-01
2.129277437925338745e-01
5.605937242507934570e-01
9.999808073043823242e-01
9.977174997329711914e-01
9.996391534805297852e-01
9.900181293487548828e-01
9.993765950202941895e-01
9.999998807907104492e-01
8.564133048057556152e-01
9.999514818191528320e-01
9.999998807907104492e-01
9.999480247497558594e-01
9.999989271163940430e-01
9.999803304672241211e-01
9.999996423721313477e-01
9.487904906272888184e-01
1.000000000000000000e+00
9.999992847442626953e-01
9.955181479454040527e-01
9.959427714347839355e-01
1.000000000000000000e+00
9.999003410339355469e-01
9.999158382415771484e-01
9.996373653411865234e-01
9.999992847442626953e-01
9.999564886093139648e-01
9.999997615814208984e-01
9.468245506286621094e-01
9.999985694885253906e-01
9.999949932098388672e-01
9.999946355819702148e-01
9.983239769935607910e-01
9.999986886978149414e-01
9.999681711196899414e-01
6.993401050567626953e-01
9.999995231628417969e-01
9.999909400939941406e-01
9.999190568923950195e-01
9.999985694885253906e-01
9.999867677688598633e-01
9.999541044235229492e-01
9.999951124191284180e-01
9.954022169113159180e-01
9.999998807907104492e-01
9.999842643737792969e-01
9.999217987060546875e-01
9.999964237213134766e-01
6.192441582679748535e-01
9.999998807907104492e-01
9.989042282104492188e-01
9.574117064476013184e-01
9.999960660934448242e-01
9.851734638214111328e-01
9.999989271163940430e-01
9.933816194534301758e-01
9.999979734420776367e-01
1.000000000000000000e+00
2.229529917240142822e-01
9.999901056289672852e-01
9.999868869781494141e-01
1.000000000000000000e+00
9.875170588493347168e-01
9.904429316520690918e-01
9.999980926513671875e-01
2.426005303859710693e-01
9.966746568679809570e-01
1.000000000000000000e+00
9.868343472480773926e-01
9.999015331268310547e-01
9.999938011169433594e-01
1.000000000000000000e+00
9.999994039535522461e-01
9.999997615814208984e-01
1.761242374777793884e-02
9.999998807907104492e-01
9.999834299087524414e-01
9.999500513076782227e-01
9.999967813491821289e-01
7.057310938835144043e-01
9.999991655349731445e-01
9.839730262756347656e-01
9.999829530715942383e-01
9.999952316284179688e-01
9.998394250869750977e-01
9.999465942382812500e-01
9.999998807907104492e-01
9.999963045120239258e-01
9.999991655349731445e-01
9.998862743377685547e-01
9.759973287582397461e-01
9.903391003608703613e-01
3.143735229969024658e-01
5.456556081771850586e-01
6.328264474868774414e-01
6.835094094276428223e-01
9.980440139770507812e-01
9.779028296470642090e-01
7.278819680213928223e-01
5.220955014228820801e-01
9.774858951568603516e-01
8.656749725341796875e-01
7.000204324722290039e-01
9.661770462989807129e-01
1.269538104534149170e-01
9.996327161788940430e-01
8.073678016662597656e-01
9.998707771301269531e-01
9.634184837341308594e-01
4.234266579151153564e-01
9.985053539276123047e-01
9.787867665290832520e-01
7.793605923652648926e-01
9.956620335578918457e-01
9.704786539077758789e-01
9.917058944702148438e-01
8.836680054664611816e-01
9.946816563606262207e-01
3.469374179840087891e-01
7.331740260124206543e-01
9.998966455459594727e-01
9.999980926513671875e-01
9.323466569185256958e-02
7.387246489524841309e-01
7.437921762466430664e-01
9.577854871749877930e-01
9.822199344635009766e-01
3.909995034337043762e-02
4.001981616020202637e-01
1.189529523253440857e-01
8.980027437210083008e-01
9.830957055091857910e-01
9.983655810356140137e-01
3.080466985702514648e-01
9.989504814147949219e-01
9.751746058464050293e-01
9.397647380828857422e-01
9.984793066978454590e-01
5.268396735191345215e-01
9.950763583183288574e-01
6.992530822753906250e-01
9.992497563362121582e-01
8.589890003204345703e-01
9.999550580978393555e-01
9.964089989662170410e-01
9.414092898368835449e-01
9.929702877998352051e-01
9.999970197677612305e-01
8.944801092147827148e-01
9.823810458183288574e-01
9.045878052711486816e-01
3.100325465202331543e-01
2.725207507610321045e-01
9.918634891510009766e-01
8.248436450958251953e-01
8.352088332176208496e-01
9.651066064834594727e-01
9.857289791107177734e-01
4.591718688607215881e-02
1.111609041690826416e-01
5.528196096420288086e-01
9.985274076461791992e-01
5.349745750427246094e-01
9.025256633758544922e-01
4.886229336261749268e-01
1.840165555477142334e-01
9.999978542327880859e-01
3.314013779163360596e-01
7.845670580863952637e-01
9.997896552085876465e-01
3.154193162918090820e-01
9.999932050704956055e-01
3.924721777439117432e-01
9.993151426315307617e-01
8.123075366020202637e-01
9.316918849945068359e-01
9.963213205337524414e-01
9.745838642120361328e-01
9.999454021453857422e-01
9.971983432769775391e-01
8.967928886413574219e-01
2.045110464096069336e-01
9.955965876579284668e-01
9.088667035102844238e-01
9.999964237213134766e-01
9.605026841163635254e-01
1.457190066576004028e-01
9.989149570465087891e-01
9.567039608955383301e-01
9.991719722747802734e-01
5.954629778861999512e-01
4.702282249927520752e-01
9.990133047103881836e-01
7.644487023353576660e-01
4.421431124210357666e-01
9.816197156906127930e-01
1.482608020305633545e-01
8.764442205429077148e-01
1.559943258762359619e-01
9.593828916549682617e-01
9.909399747848510742e-01
9.994466900825500488e-01
9.974315762519836426e-01
5.430749654769897461e-01
5.111532211303710938e-01
7.412420511245727539e-01
8.376181721687316895e-01
8.485869765281677246e-01
8.080198168754577637e-01
9.988054037094116211e-01
9.999976158142089844e-01
9.998972415924072266e-01
9.901824593544006348e-01
9.236238002777099609e-01
7.755982875823974609e-01
9.999874830245971680e-01
1.010635420680046082e-01
9.999963045120239258e-01
9.999716281890869141e-01
9.998574256896972656e-01
9.969113469123840332e-01
9.998989105224609375e-01
9.999442100524902344e-01
9.999831914901733398e-01
9.988123178482055664e-01
9.498614072799682617e-01
2.751912772655487061e-01
3.443160057067871094e-01
9.995318651199340820e-01
9.497097730636596680e-01
9.824373573064804077e-02
9.062519669532775879e-01
1.270477469006436877e-06
2.151464577764272690e-04
2.564335773058701307e-05
1.217836569367136690e-07
2.335146928089670837e-05
1.450955187465297058e-05
1.128114745370112360e-04
1.213993091369047761e-04
7.453389116562902927e-06
1.155876598204486072e-04
5.310668610036373138e-03
6.783021613955497742e-03
1.777106197550892830e-03
1.773726398823782802e-05
5.895264985156245530e-05
5.249074820312671363e-05
4.428905231179669499e-05
2.432244800729677081e-04
1.255588489584624767e-03
1.718001812696456909e-02
1.028225058689713478e-03
7.734070532023906708e-03
5.464212154038250446e-04
4.182804375886917114e-03
1.038762368261814117e-02
1.076818676665425301e-03
6.546684890054166317e-04
1.356389373540878296e-03
4.468464467208832502e-04
1.616357767488807440e-04
6.228536833077669144e-03
1.630015685805119574e-05
4.627283033187268302e-06
8.601303852628916502e-05
1.107587944716215134e-02
1.254398748278617859e-02
2.477975562214851379e-03
1.530631445348262787e-03
3.751042640942614526e-07
1.141165615990757942e-03
4.049106501042842865e-03
1.037782407365739346e-03
2.076609292998909950e-03
3.526719519868493080e-03
6.732631474733352661e-03
5.751644726842641830e-03
1.596155576407909393e-02
1.594658382236957550e-02
3.136311133857816458e-04
9.456778934691101313e-05
1.090923440642654896e-03
2.724465448409318924e-03
2.179250586777925491e-03
5.794777534902095795e-04
1.073622261174023151e-03
3.317488153697922826e-05
3.987596631050109863e-01
2.974818436030091107e-08
5.550040871327155401e-09
1.774061314518959875e-10
1.100305420777616949e-13
3.519545223838738135e-14
1.852555721998214722e-01
7.030090892019488780e-14
6.036759091741783489e-14
7.908305493754472226e-14
2.545262178105245354e-13
2.956362585293526024e-11
3.960196496362484997e-14
4.660304260550862665e-13
9.671106417866864868e-14
1.011096181823337159e-13
8.180535784364784124e-14
8.095352052551671451e-14
3.219778230926367835e-13
8.342406491090512133e-14
1.533993743661754561e-13
5.008213895679736183e-13
3.556269319825167141e-13
1.517817718298813956e-13
7.893356378674970530e-14
1.218840295618556224e-13
8.295962658153022140e-14
1.807855351965842461e-13
8.090674397803754303e-14
6.400250744968347116e-14
8.620465046004291421e-14
5.378737142095954549e-14
8.996048263959499636e-14
2.681041152974295017e-13
5.045026828481673220e-14
1.829793911875543522e-13
2.445740252733230591e-02
7.509501375770055720e-14
1.777943975855497682e-13
2.366899536608568777e-13
2.322811539466618225e-13
1.251378964643376501e-13
1.551448449961870257e-13
5.812796804224168445e-14
1.357082306772949831e-13
1.375296496694891624e-13
2.869218399112125062e-14
4.722607125241112813e-14
4.195897644089507939e-14
4.949523524865571955e-14
7.117424054639553965e-14
1.430343880446868776e-13
4.023435298578133257e-14
6.858979394652395256e-14
1.841340258436699462e-13
2.911895645939764632e-14
1.121442145418129199e-13
5.388081270756885088e-14
2.048556636824461208e-13
1.642151041883477269e-13
8.007752794192413148e-11
1.211188132210425095e-13
2.425095714519986956e-13
2.889196857019243891e-14
2.311484066219032796e-13
6.231939877338055211e-14
1.127851609848684600e-13
7.481494400775681730e-14
1.391885196509734524e-13
1.214236908719454333e-13
1.270738614160549229e-13
9.456233132686467369e-14
2.846825694017424135e-13
1.687486413624872394e-13
1.531123318410099188e-13
8.333532296308718279e-14
6.036460258517992172e-14
4.836297242674300612e-14
2.381249494462500671e-13
9.374486999386491548e-14
6.470647585452016237e-13
3.621503054038188729e-13
1.122084128629512179e-13
1.965101394324833550e-13
2.078247513317976747e-12
2.076776386495185478e-13
4.615008462188763261e-12
2.749586114347835064e-10
4.283608794212341309e-01
9.363868014311549359e-11
5.362412445510111869e-13
5.049402302531591502e-12
1.282886665822380312e-12
1.389145282094592093e-13
8.649848280131364198e-14
4.249505681694874804e-14
2.193551763840506652e-12
1.771260113407613357e-12
1.165346681999968048e-12
6.945620836286414690e-13
2.760912158616957157e-13
2.881308039381913488e-12
1.280867014015474314e-12
1.879421314757157013e-12
8.429888189408207833e-13
2.366414529608729111e-11
5.523009567048875468e-12
6.352311797234999613e-13
9.980265919251607443e-11
3.447712948467795968e-11
2.316560788681587546e-12
2.156912208518477203e-13
6.266814844835266740e-11
8.410354796492894303e-14
7.709143111205019050e-13
1.039759234657336440e-13
3.818552462078739218e-13
1.953993607542447997e-13
1.057005570852427578e-13
4.657001347052602824e-12
6.212703962393817392e-13
5.272108230124257500e-14
4.682704419535499429e-13
4.940783025764172720e-13
2.396787737897476678e-13
1.645183446939701977e-12
4.827139664549673359e-13
5.598693167060964093e-13
1.576709954004967829e-13
1.954493018168149132e-13
2.620908589982817727e-13
1.289414321842263789e-12
1.086655505161404633e-12
3.864161594868686933e-13
1.133037145551775426e-13
2.036954589376693825e-12
6.223826656956074621e-14
4.236117099459812962e-12
4.685941305121454903e-12
7.181235207182057323e-12
2.493049578333739191e-05
6.822711229324340820e-02
1.992790238380948153e-10
2.250977832948808377e-12
3.043502672106512819e-10
2.112188958562910557e-04
8.145329549735791375e-11
3.369623102680158189e-13
2.389941543279316960e-12
5.626548489276461673e-13
1.072079369181765107e-13
2.252631458102283268e-12
2.463277411907105474e-12
5.044221334030152271e-13
3.076990431113285629e-13
2.553757444227755524e-13
7.136278330419076887e-14
2.879998485787876872e-13
1.256672717275808537e-12
9.712723247207177835e-13
6.480396514546571396e-12
2.851676013382320463e-11
1.493420729963002014e-12
1.048691908593808730e-13
4.149001834371363051e-13
2.205764015883460161e-09
2.901860338393874583e-14
3.585221583588676930e-13
6.716100657382095829e-13
1.026327324992956647e-13
6.453010868712194537e-13
1.704711372063627550e-11
1.606777932927627717e-09
1.549105235199021990e-07
5.090012855646364187e-09
1.209764753651310087e-11
3.564308292958173752e-10
6.413319961900976196e-12
