4.801254570484161377e-01
5.726991295814514160e-01
5.723294615745544434e-01
5.789924263954162598e-01
5.792756080627441406e-01
5.587643384933471680e-01
5.870346426963806152e-01
5.216833949089050293e-01
5.209053158760070801e-01
5.341882705688476562e-01
4.474088549613952637e-01
4.680389165878295898e-01
4.738892316818237305e-01
5.506418943405151367e-01
4.621243178844451904e-01
4.866875410079956055e-01
5.143951773643493652e-01
5.850794315338134766e-01
4.706264734268188477e-01
5.408586859703063965e-01
4.595733880996704102e-01
4.630918204784393311e-01
5.108724236488342285e-01
5.116584897041320801e-01
4.257055521011352539e-01
4.699791967868804932e-01
5.056951045989990234e-01
5.328416228294372559e-01
4.236666560173034668e-01
4.749999344348907471e-01
4.933397471904754639e-01
5.540087819099426270e-01
5.049176812171936035e-01
5.069249272346496582e-01
5.084394812583923340e-01
5.360259413719177246e-01
5.200442671775817871e-01
5.649646520614624023e-01
5.130807757377624512e-01
5.498272776603698730e-01
5.103753209114074707e-01
5.285695195198059082e-01
5.552043318748474121e-01
5.282747745513916016e-01
5.410621762275695801e-01
4.347116053104400635e-01
5.115319490432739258e-01
5.126627683639526367e-01
5.534105300903320312e-01
5.145376324653625488e-01
4.905438423156738281e-01
5.224674344062805176e-01
5.440517663955688477e-01
5.620409250259399414e-01
5.833846330642700195e-01
4.756661355495452881e-01
5.678521990776062012e-01
4.991678893566131592e-01
5.384128093719482422e-01
5.086549520492553711e-01
5.368216633796691895e-01
4.712674617767333984e-01
4.472100138664245605e-01
5.075396895408630371e-01
4.552132487297058105e-01
4.831142127513885498e-01
5.321412086486816406e-01
4.510183632373809814e-01
5.184200406074523926e-01
4.693546295166015625e-01
4.463842511177062988e-01
5.052676200866699219e-01
4.755632877349853516e-01
5.117603540420532227e-01
5.012240409851074219e-01
4.967038035392761230e-01
5.383445620536804199e-01
5.689233541488647461e-01
4.531219601631164551e-01
4.788253903388977051e-01
5.351633429527282715e-01
5.302342176437377930e-01
5.095269680023193359e-01
5.159090757369995117e-01
5.517831444740295410e-01
5.663583874702453613e-01
5.028244853019714355e-01
5.442042350769042969e-01
4.508744180202484131e-01
5.002582073211669922e-01
4.979796111583709717e-01
5.374693274497985840e-01
4.883310794830322266e-01
4.673689901828765869e-01
4.655208289623260498e-01
4.621884822845458984e-01
5.212372541427612305e-01
5.203210115432739258e-01
5.276498794555664062e-01
5.523448586463928223e-01
5.102275609970092773e-01
4.836812615394592285e-01
5.078614354133605957e-01
5.034847855567932129e-01
5.103785991668701172e-01
4.751024842262268066e-01
4.914532601833343506e-01
5.194855928421020508e-01
5.032576918601989746e-01
5.098764896392822266e-01
5.091436505317687988e-01
5.201557278633117676e-01
5.457500219345092773e-01
5.227905511856079102e-01
4.985302984714508057e-01
5.075540542602539062e-01
5.194578766822814941e-01
5.205522775650024414e-01
4.876106083393096924e-01
5.017458200454711914e-01
5.173814296722412109e-01
5.040150284767150879e-01
5.614100098609924316e-01
5.527415275573730469e-01
5.154941678047180176e-01
6.063284873962402344e-01
5.418808460235595703e-01
5.262109637260437012e-01
5.459670424461364746e-01
5.880146026611328125e-01
5.121426582336425781e-01
5.857573151588439941e-01
5.588569045066833496e-01
5.578800439834594727e-01
5.658884048461914062e-01
5.904350876808166504e-01
5.290293693542480469e-01
5.926104187965393066e-01
5.461769700050354004e-01
5.915565490722656250e-01
5.454334020614624023e-01
5.989068746566772461e-01
5.596969723701477051e-01
5.681910514831542969e-01
5.861980319023132324e-01
5.718424916267395020e-01
5.824549198150634766e-01
5.186309814453125000e-01
5.436856746673583984e-01
5.392807126045227051e-01
5.646064877510070801e-01
5.753602981567382812e-01
5.172268152236938477e-01
5.195617675781250000e-01
5.465645194053649902e-01
5.340606570243835449e-01
5.730102062225341797e-01
5.630963444709777832e-01
5.857167840003967285e-01
5.949494242668151855e-01
5.788391828536987305e-01
5.588575005531311035e-01
5.595537424087524414e-01
5.216385722160339355e-01
5.926048755645751953e-01
5.436788201332092285e-01
5.479048490524291992e-01
5.624909996986389160e-01
5.889348387718200684e-01
5.896862745285034180e-01
5.338439941406250000e-01
5.098479390144348145e-01
6.158334016799926758e-01
5.108414888381958008e-01
5.636804699897766113e-01
5.300803780555725098e-01
5.146601200103759766e-01
5.349137187004089355e-01
5.082702636718750000e-01
5.842106938362121582e-01
5.617682933807373047e-01
5.258204340934753418e-01
5.012074112892150879e-01
5.244498848915100098e-01
6.085313558578491211e-01
5.616840124130249023e-01
4.785344898700714111e-01
5.457625389099121094e-01
5.029109120368957520e-01
5.724935531616210938e-01
5.444861650466918945e-01
5.395934581756591797e-01
6.228511333465576172e-01
5.042338967323303223e-01
5.638403296470642090e-01
5.561273097991943359e-01
5.931109786033630371e-01
5.994117259979248047e-01
5.436760187149047852e-01
5.273014307022094727e-01
5.736821889877319336e-01
4.724842309951782227e-01
5.522894859313964844e-01
5.023909807205200195e-01
5.364301204681396484e-01
5.021811723709106445e-01
5.208784341812133789e-01
5.737516880035400391e-01
5.476949214935302734e-01
5.504307746887207031e-01
5.861819982528686523e-01
5.285683274269104004e-01
5.974963903427124023e-01
5.358601808547973633e-01
5.705339312553405762e-01
5.940144062042236328e-01
5.874438881874084473e-01
5.415478944778442383e-01
5.146179199218750000e-01
5.448442697525024414e-01
5.903208255767822266e-01
5.842058062553405762e-01
5.214955210685729980e-01
5.025305151939392090e-01
5.086951255798339844e-01
4.712443649768829346e-01
4.806941449642181396e-01
4.850516915321350098e-01
4.905750155448913574e-01
5.563716292381286621e-01
5.222837328910827637e-01
5.913043618202209473e-01
4.895170032978057861e-01
5.740398168563842773e-01
5.268391370773315430e-01
4.852147400379180908e-01
4.814509153366088867e-01
4.977921545505523682e-01
4.911871552467346191e-01
4.869184792041778564e-01
4.925106465816497803e-01
4.880494177341461182e-01
5.025116801261901855e-01
5.011885166168212891e-01
4.892914295196533203e-01
4.989432990550994873e-01
5.059696435928344727e-01
5.055001378059387207e-01
5.049575567245483398e-01
4.871835410594940186e-01
4.953047037124633789e-01
5.014784932136535645e-01
4.944083094596862793e-01
4.996582269668579102e-01
4.930935502052307129e-01
5.119881629943847656e-01
5.053618550300598145e-01
5.097802281379699707e-01
5.098361372947692871e-01
5.102745294570922852e-01
5.037291646003723145e-01
4.993890821933746338e-01
5.054014921188354492e-01
4.896960556507110596e-01
5.079625248908996582e-01
4.861855804920196533e-01
5.096952915191650391e-01
4.851258099079132080e-01
4.993667900562286377e-01
4.989892542362213135e-01
4.983373880386352539e-01
5.185593366622924805e-01
5.257754325866699219e-01
4.983161389827728271e-01
4.850951731204986572e-01
5.221750140190124512e-01
5.085831284523010254e-01
5.175497531890869141e-01
5.012178421020507812e-01
5.069400072097778320e-01
5.154688358306884766e-01
5.112849473953247070e-01
5.168364644050598145e-01
5.175925493240356445e-01
5.067654848098754883e-01
4.976604282855987549e-01
5.027673840522766113e-01
5.083060264587402344e-01
5.126190781593322754e-01
5.153196454048156738e-01
5.048171877861022949e-01
4.909579753875732422e-01
6.069581508636474609e-01
5.164207220077514648e-01
4.577552378177642822e-01
4.378306865692138672e-01
2.451117336750030518e-01
2.570735812187194824e-01
5.274248123168945312e-01
2.251805812120437622e-01
2.230044603347778320e-01
2.422948479652404785e-01
2.534307837486267090e-01
4.136707782745361328e-01
2.887665331363677979e-01
3.139782845973968506e-01
3.723221123218536377e-01
2.867439389228820801e-01
2.761719226837158203e-01
2.895062565803527832e-01
3.191625475883483887e-01
2.780012190341949463e-01
3.058628141880035400e-01
2.575954496860504150e-01
2.722850143909454346e-01
2.518452405929565430e-01
2.805832624435424805e-01
2.748504579067230225e-01
2.659647762775421143e-01
2.766952514648437500e-01
2.761125564575195312e-01
2.570459544658660889e-01
2.755964398384094238e-01
2.373738288879394531e-01
2.662470638751983643e-01
3.045626580715179443e-01
2.530313134193420410e-01
2.748192846775054932e-01
4.654189050197601318e-01
2.653097808361053467e-01
2.589821815490722656e-01
2.409668713808059692e-01
3.557896614074707031e-01
2.661527991294860840e-01
2.665271759033203125e-01
2.668618559837341309e-01
2.476381957530975342e-01
2.822579443454742432e-01
2.518028318881988525e-01
2.519669532775878906e-01
2.552680373191833496e-01
2.726151049137115479e-01
2.464662194252014160e-01
2.611643970012664795e-01
2.473838478326797485e-01
2.368560880422592163e-01
2.445167303085327148e-01
2.586561143398284912e-01
2.506110072135925293e-01
2.457526624202728271e-01
2.671983242034912109e-01
2.601831555366516113e-01
4.190144538879394531e-01
2.839782238006591797e-01
2.789958417415618896e-01
2.649946212768554688e-01
2.921006977558135986e-01
2.905225753784179688e-01
2.774384915828704834e-01
2.726146280765533447e-01
2.995775043964385986e-01
3.007925450801849365e-01
2.786144912242889404e-01
2.842638194561004639e-01
3.071725964546203613e-01
2.804711461067199707e-01
2.639525830745697021e-01
3.245672583580017090e-01
2.771149277687072754e-01
3.114852011203765869e-01
3.338541090488433838e-01
3.067113757133483887e-01
3.130564391613006592e-01
3.031435012817382812e-01
2.921608090400695801e-01
3.190144598484039307e-01
3.828119933605194092e-01
3.042663931846618652e-01
4.241617619991302490e-01
4.393569827079772949e-01
5.914064049720764160e-01
4.238852560520172119e-01
3.302522897720336914e-01
4.281721413135528564e-01
3.716385662555694580e-01
3.551072776317596436e-01
3.132328093051910400e-01
3.313669264316558838e-01
3.620677292346954346e-01
3.694904148578643799e-01
3.930805325508117676e-01
3.522450029850006104e-01
4.062061905860900879e-01
4.001568853855133057e-01
3.897113204002380371e-01
4.452197551727294922e-01
3.278352618217468262e-01
4.043018221855163574e-01
3.692871630191802979e-01
4.470169246196746826e-01
4.329352378845214844e-01
3.894372284412384033e-01
3.901670277118682861e-01
3.917062878608703613e-01
4.370647370815277100e-01
3.874928951263427734e-01
3.927400112152099609e-01
3.553208112716674805e-01
3.559804260730743408e-01
3.526048362255096436e-01
3.169638812541961670e-01
3.654804825782775879e-01
3.299296796321868896e-01
3.474237024784088135e-01
3.964815735816955566e-01
3.522876799106597900e-01
3.533195257186889648e-01
3.518609404563903809e-01
3.440921306610107422e-01
3.074252605438232422e-01
3.309226632118225098e-01
3.663865327835083008e-01
3.477108180522918701e-01
3.608803153038024902e-01
3.757383227348327637e-01
3.648400306701660156e-01
3.357222974300384521e-01
3.631054759025573730e-01
3.854112625122070312e-01
3.976343274116516113e-01
3.801079988479614258e-01
3.877092301845550537e-01
4.743581712245941162e-01
4.608410298824310303e-01
4.506261646747589111e-01
4.005697965621948242e-01
4.611982107162475586e-01
5.376026034355163574e-01
3.584536314010620117e-01
3.256796300411224365e-01
3.877976536750793457e-01
3.898499906063079834e-01
3.626104891300201416e-01
4.087372124195098877e-01
3.688478767871856689e-01
3.575380444526672363e-01
3.642182052135467529e-01
3.814713358879089355e-01
3.544682860374450684e-01
3.365435600280761719e-01
3.830568194389343262e-01
3.999990820884704590e-01
3.687273263931274414e-01
4.504409134387969971e-01
3.624505400657653809e-01
2.875170707702636719e-01
3.020319938659667969e-01
4.074769914150238037e-01
3.121228814125061035e-01
3.058581948280334473e-01
3.322664499282836914e-01
3.525705337524414062e-01
4.091196060180664062e-01
4.292407333850860596e-01
4.668445289134979248e-01
4.669345319271087646e-01
4.729074835777282715e-01
4.268497228622436523e-01
4.564692676067352295e-01
3.657211661338806152e-01
